14401051 00000040 40001010 02802108 40004002 40043810 02000802 08600002 92183112 04009001 08800042 08000040 100d0092 02008282 48448049 04201420 
0a801101 88e10604 00000800 00400000 c6108512 08a00101 00040000 00008010 04000004 932ff253 50a48ca1 02001004 00880800 40480301 28040449 00020810 
20cb0142 66261269 080a0002 00000080 01080090 00010000 00000002 6028040c 40010001 80000080 00214400 4a440489 22010001 14807082 00508084 45409a02 
48100404 3c304509 04414011 11048202 04000010 80000000 b1c010c2 00012024 04840000 00808104 02804201 18912942 100280a2 80700911 02008040 02000100 

10210101 00000000 00000000 040480a2 00010008 88800001 51020212 44020040 0ab1f10b 28028022 41050042 28000002 51405111 03602822 2c110261 22111108 
41144812 a407a182 04040000 10000204 3ed7c4cf 00002000 40000100 c1002050 06002008 ffe3b6ab 186085c0 12412889 00048042 58830851 a2160261 02004202 
a05220a1 00466402 00000200 00001000 f0684245 40201004 00200000 20843011 00104000 00400000 00002004 010a984a 2406000a 263b9129 01201024 01512a0a 
10104002 022c0209 20040801 01008010 02000000 40000000 0194a009 04040010 00011000 00040000 10922804 03836009 00000140 d53e5835 08020010 00002000 

01300082 00020000 08000004 01000112 24001000 6000a040 44480002 80080002 6b0ca489 41020422 00040080 14001018 4a060230 82108911 0288a089 c0404900 
08246002 68308403 00000000 00800010 c38764d6 80090020 00080100 40202088 80000002 73d7a3a7 01421109 0080a004 40004101 10444209 32080815 00004044 
c0134002 81810181 02008000 00000010 68a03282 05000180 20400200 c2d80092 00100100 10000000 80202482 85e90a12 14021022 7e048a92 00418a00 52044c42 
48040802 c6409424 0c011245 00420081 00100020 08000000 209c00b3 44001088 40842040 00000400 92200d04 541510a1 00011102 2060800c 00014080 01000001 

40400401 00008000 20000008 02208402 02000208 00084544 00010002 80480080 02043892 40121041 06000001 00400200 2c023011 031c0411 52301042 32020084 
00020202 04042212 00000000 00008000 a483840d 00000004 00000000 01001002 84908441 65c7f239 01800020 07000008 40001084 4960ae91 63012209 08010100 
64081000 210c0842 01000100 00200000 54840241 20000001 10000000 00143008 00010010 00000080 80020000 00508501 01880401 272e40c9 14944002 20220402 
00418008 581002a1 01100089 10004140 04000000 00004000 2a006041 22002060 00024048 00040100 80244520 d18ea489 00041000 18244104 08800004 00100000 

00160202 00000080 08100000 00100401 82020000 00041090 04040501 20040002 60425609 0800e021 0000a010 80040802 23892408 2800c821 01801104 41008010 
00200840 00660305 00000000 00000001 d19285c5 00041042 01048000 15004040 00220004 aad5f615 a4144092 02000801 20102400 02106425 84009502 01000100 
00000020 50050308 08400001 00000020 42048012 18204202 03040002 c80c2c25 00000000 00000800 08801008 6348aa0d 01000001 0240440a 18c00080 24890141 
20084001 ac454aa2 514200b2 01204800 01200004 00c00008 82808081 080c2420 12000220 00000004 10440112 40245111 41800009 90c0a101 10100004 41001000 

18102009 00000000 00000000 00010000 00400000 40060040 10021021 00040000 c6c87133 10050421 02001000 00090008 20108024 58000a82 19221005 00000480 
a32c50ca 94422412 00000000 00050010 04c52569 09010010 00000002 90200022 01000002 587621c9 88630405 00002008 00000100 80044001 82883609 04080004 
18100302 11000a00 20005011 20000000 44c29085 03420012 00100010 21003030 00048000 40040000 4a000302 1a21c122 20804090 50380681 52090128 c1422094 
00000422 00250582 0f005201 10800021 08001000 10000000 08005203 10005008 00020000 10000000 140c1092 40220021 01000020 3a94980a 20040000 04000010 

04200082 00040000 40004000 10200024 40100900 46004c00 00000040 00002001 24028122 08832202 00804010 40000000 602a1205 84003811 11012010 00201040 
c0002042 8320b888 00001000 00200000 ca22a991 80520004 00800200 00200000 00000402 6583d449 12212089 00400800 02008000 000a0040 00090822 00000104 
10108104 08008088 41801201 00000010 0140a021 05080040 00040100 10a20c44 01100000 20200000 24008024 481c1222 00100202 00100008 22120411 6b225914 
04000401 0d210011 40252842 80500802 10020000 08000000 24110612 c0081404 00000040 00400000 502c0611 20509012 20081000 100e9849 10000808 00000000 

00405005 00000000 04020000 04008008 00800002 04804008 40008020 00040000 fa18c146 81148241 20882004 04000000 220e24e4 83928409 20802084 00106000 
10844021 b408ad06 00000020 00801002 219d0861 20080110 00000000 00002100 00004400 de99fcb7 902d8d26 10802001 4000a201 18820602 80000210 00020000 
01400241 29030022 04000000 00040000 08502065 00131008 00800001 110d090a 00408000 00000180 01080082 0c991222 80000200 0062c4a1 4000b040 17000c0a 
30000204 11200c21 29800091 01000202 20000000 00000080 a1428124 00b41082 40800000 00400200 a2804924 59c881a2 42442202 c8320509 82000020 00100000