250689, 0.9391, 92.367
485673, 0.9324, 91.3349
934929, 0.9135, 88.1258
1.77904e+06, 0.8695, 81.0498
3.31345e+06, 0.7824, 69.1865
6.02773e+06, 0.6482, 53.7425
1.01729e+07, 0.4895, 37.6686
127933, 0.938, 92.383
931966, 0.9092, 88.12
947239, 0.9162, 88.0745
943841, 0.9129, 88.1119
254052, 0.9418, 92.24
252207, 0.9412, 92.22
939055, 0.9135, 88.1258
952562, 0.9168, 88.1964
969744, 0.9222, 88.2158
1.00311e+06, 0.9249, 88.1265
1.05296e+06, 0.9261, 87.8318
989511, 0.9193, 88.3561
1.03082e+06, 0.9269, 88.0059
537750, 0.9444, 90.9845
277300, 0.9501, 91.7484
530955, 0.9439, 91.131
540044, 0.9449, 90.896
1.04976e+06, 0.9275, 87.7713
1.03231e+06, 0.9243, 87.9543
1.02669e+06, 0.9269, 88.0059
502513, 0.9306, 91.9022
992556, 0.9198, 88.3579
1.12701e+06, 0.0113, 9.8293
537201, 0.9444, 90.9845
537837, 0.9447, 90.9453
604741, 0.0047, 5.2192
605034, 0.0047, 5.2192
536596, 0.9444, 90.9845
1.02501e+06, 0.9269, 88.0059
1.93761e+06, 0.8809, 81.1616
3.59454e+06, 0.7903, 69.3535
6.15385e+06, 0.6571, 53.861
1.0989e+07, 0.4954, 37.7156
323415, 0.0034, 2.9096
605327, 0.0047, 5.2192
1.12448e+06, 0.0113, 9.8293
2.04708e+06, 0.0192, 17.4961
3.73692e+06, 0.0421, 27.8203
6.61376e+06, 0.0815, 36.4006
1.10375e+07, 0.1446, 35.3082
266773, 0.9475, 92.2479
535590, 0.9444, 90.9845
