PQ64			
803429.557	0.4169	99793.812	0.2157
689614.442	0.5538	97064.531	0.3254
506656.359	0.6872	100206.515	0.4566
353931.784	0.8068	85395.879	0.5996
222050.082	0.8954	70831.424	0.7373
135896.76	0.9548	57093.635	0.854
74858.718	0.9826	41997.427	0.9345
39046.166	0.9956	27063.693	0.9791
20896.293	0.9996	16748.121	0.9959
8431.404	1	8224.343	0.9997
			
PQ32			
815488.888	0.4169	100384.228	0.2157
767372.388	0.5538	95082.415	0.3254
601480.504	0.6872	93053.734	0.4566
456170.361	0.8068	112936.818	0.5996
312020.473	0.8954	76710.433	0.7373
204862.019	0.9548	69457.299	0.854
125594.509	0.9826	56824.918	0.9345
68536.395	0.9956	38802.089	0.9791
38719.238	0.9996	24439.169	0.9959
18153.82	1	13729.718	0.9996
			
PQ16			
819392.045	0.4169	128128.253	0.2157
830522.356	0.5538	101628.605	0.3254
718227.337	0.6871	94905.565	0.4566
556687.195	0.8067	97877.468	0.5996
442511.816	0.8953	81135.27	0.7373
320007.324	0.9543	80448.206	0.8538
201936.602	0.9817	60698.869	0.9337
121183.082	0.9941	48544.68	0.9771
66575.303	0.9979	33860.203	0.9926
31051.829	0.9983	19381.751	0.9958
			
PQ8			
865751.027	0.4167	104194.92	0.2157
794827.364	0.5532	108906.188	0.3254
683690.422	0.6838	95866.519	0.4566
614226.049	0.7998	100742.762	0.5996
487228.205	0.8818	83880.041	0.7344
366923.629	0.9322	78568.56	0.8426
264713.374	0.952	68248.56	0.9084
151984.056	0.9596	55739.518	0.9381
95448.523	0.961	40202.435	0.9463
48739.919	0.9611	25311.583	0.9474

